D:	-0.31071	0.0919756	0.000929836	-0.000486159	0
K:	388.827	0	356.571	0	387.949	254.955	0	0	1
P:	388.827	0	356.571	0	0	387.949	254.955	0	0	0	1	0
R:	1	0	0	0	1	0	0	0	1
